{
  "accessors": [
    {
      "bufferView": 2,
      "componentType": 5126,
      "count": 65532,
      "max": [
        0.5121385455131531,
        4.286584377288818,
        -0.8250491619110107
      ],
      "min": [
        -4.625138282775879,
        -4.3421854972839355,
        -9.68947696685791
      ],
      "type": "VEC3"
    },
    {
      "bufferView": 2,
      "byteOffset": 786384,
      "componentType": 5126,
      "count": 65532,
      "max": [
        0.9999960064888,
        0.9999987483024597,
        0.9999952912330627
      ],
      "min": [
        -0.9999561905860901,
        -0.9829472899436951,
        -0.9992740154266357
      ],
      "type": "VEC3"
    },
    {
      "bufferView": 3,
      "componentType": 5126,
      "count": 65532,
      "max": [
        0.9960784316062927,
        0.9764705896377563,
        0.8549019694328308,
        1.0
      ],
      "min": [
        0.0,
        0.0,
        0.0,
        1.0
      ],
      "type": "VEC4"
    },
    {
      "bufferView": 1,
      "componentType": 5126,
      "count": 65532,
      "max": [
        0.9998301863670349,
        0.9818034172058105
      ],
      "min": [
        0.024613112211227417,
        0.0002015586942434311
      ],
      "type": "VEC2"
    },
    {
      "bufferView": 0,
      "componentType": 5125,
      "count": 353376,
      "type": "SCALAR"
    },
    {
      "bufferView": 2,
      "byteOffset": 1572768,
      "componentType": 5126,
      "count": 65532,
      "max": [
        1.204204797744751,
        2.3989827632904053,
        -2.52217173576355
      ],
      "min": [
        -2.7613918781280518,
        -2.7472589015960693,
        -7.6085405349731445
      ],
      "type": "VEC3"
    },
    {
      "bufferView": 2,
      "byteOffset": 2359152,
      "componentType": 5126,
      "count": 65532,
      "max": [
        0.9999960064888,
        0.9999866485595703,
        0.9999605417251587
      ],
      "min": [
        -0.9999112486839294,
        -0.9990173578262329,
        -0.999245822429657
      ],
      "type": "VEC3"
    },
    {
      "bufferView": 3,
      "byteOffset": 1048512,
      "componentType": 5126,
      "count": 65532,
      "max": [
        0.9960784316062927,
        0.9960784316062927,
        0.9960784316062927,
        1.0
      ],
      "min": [
        0.0,
        0.0,
        0.0,
        1.0
      ],
      "type": "VEC4"
    },
    {
      "bufferView": 1,
      "byteOffset": 524256,
      "componentType": 5126,
      "count": 65532,
      "max": [
        0.9999513030052185,
        0.9949308037757874
      ],
      "min": [
        0.001983892871066928,
        0.012682784348726273
      ],
      "type": "VEC2"
    },
    {
      "bufferView": 0,
      "byteOffset": 1413504,
      "componentType": 5125,
      "count": 341982,
      "type": "SCALAR"
    },
    {
      "bufferView": 2,
      "byteOffset": 3145536,
      "componentType": 5126,
      "count": 65532,
      "max": [
        3.7143826484680176,
        4.027047634124756,
        -1.0567313432693481
      ],
      "min": [
        -4.625138282775879,
        -4.0581464767456055,
        -9.576556205749512
      ],
      "type": "VEC3"
    },
    {
      "bufferView": 2,
      "byteOffset": 3931920,
      "componentType": 5126,
      "count": 65532,
      "max": [
        0.999906599521637,
        0.9999688863754272,
        0.9999951720237732
      ],
      "min": [
        -0.9999611377716064,
        -0.999769926071167,
        -0.9999474287033081
      ],
      "type": "VEC3"
    },
    {
      "bufferView": 3,
      "byteOffset": 2097024,
      "componentType": 5126,
      "count": 65532,
      "max": [
        0.9921568632125854,
        0.9843137264251709,
        0.9058823585510254,
        1.0
      ],
      "min": [
        0.0,
        0.0,
        0.0,
        1.0
      ],
      "type": "VEC4"
    },
    {
      "bufferView": 1,
      "byteOffset": 1048512,
      "componentType": 5126,
      "count": 65532,
      "max": [
        0.9999896883964539,
        0.9959670901298523
      ],
      "min": [
        0.00015356804942712188,
        5.358550697565079e-05
      ],
      "type": "VEC2"
    },
    {
      "bufferView": 0,
      "byteOffset": 2781432,
      "componentType": 5125,
      "count": 306525,
      "type": "SCALAR"
    },
    {
      "bufferView": 2,
      "byteOffset": 4718304,
      "componentType": 5126,
      "count": 63319,
      "max": [
        4.079428195953369,
        4.286584377288818,
        -0.9817116260528564
      ],
      "min": [
        -4.560857772827148,
        -4.186901569366455,
        -9.661958694458008
      ],
      "type": "VEC3"
    },
    {
      "bufferView": 2,
      "byteOffset": 5478132,
      "componentType": 5126,
      "count": 63319,
      "max": [
        0.9998915195465088,
        0.9999772310256958,
        0.9999772906303406
      ],
      "min": [
        -0.9999996423721313,
        -0.9996122121810913,
        -0.9996035099029541
      ],
      "type": "VEC3"
    },
    {
      "bufferView": 3,
      "byteOffset": 3145536,
      "componentType": 5126,
      "count": 63319,
      "max": [
        0.9921568632125854,
        0.9843137264251709,
        0.9176470637321472,
        1.0
      ],
      "min": [
        0.0,
        0.0,
        0.0,
        1.0
      ],
      "type": "VEC4"
    },
    {
      "bufferView": 1,
      "byteOffset": 1572768,
      "componentType": 5126,
      "count": 63319,
      "max": [
        0.9999926686286926,
        0.9960652589797974
      ],
      "min": [
        0.0,
        0.0
      ],
      "type": "VEC2"
    },
    {
      "bufferView": 0,
      "byteOffset": 4007532,
      "componentType": 5125,
      "count": 272814,
      "type": "SCALAR"
    }
  ],
  "asset": {
    "extras": {
      "author": "AG-DRONE (https://sketchfab.com/Antoine.Gerola)",
      "license": "CC-BY-4.0 (http://creativecommons.org/licenses/by/4.0/)",
      "source": "https://sketchfab.com/3d-models/cala-bramant-llanca-63d09f4349a94b66a4f26b96c51bae38",
      "title": "Cala Bramant - llanca"
    },
    "generator": "Sketchfab-15.36.0",
    "version": "2.0"
  },
  "bufferViews": [
    {
      "buffer": 0,
      "byteLength": 5098788,
      "name": "floatBufferViews",
      "target": 34963
    },
    {
      "buffer": 0,
      "byteLength": 2079320,
      "byteOffset": 5098788,
      "byteStride": 8,
      "name": "floatBufferViews",
      "target": 34962
    },
    {
      "buffer": 0,
      "byteLength": 6237960,
      "byteOffset": 7178108,
      "byteStride": 12,
      "name": "floatBufferViews",
      "target": 34962
    },
    {
      "buffer": 0,
      "byteLength": 4158640,
      "byteOffset": 13416068,
      "byteStride": 16,
      "name": "floatBufferViews",
      "target": 34962
    }
  ],
  "buffers": [
    {
      "byteLength": 17574708,
      "uri": "scene.bin"
    }
  ],
  "materials": [
    {
      "doubleSided": true,
      "name": "material0",
      "pbrMetallicRoughness": {
        "baseColorFactor": [
          0.8,
          0.8,
          0.8,
          1.0
        ],
        "metallicFactor": 0.0,
        "roughnessFactor": 0.9577051494623774
      }
    }
  ],
  "meshes": [
    {
      "name": "Model_material0_0",
      "primitives": [
        {
          "attributes": {
            "COLOR_0": 2,
            "NORMAL": 1,
            "POSITION": 0,
            "TEXCOORD_0": 3
          },
          "indices": 4,
          "material": 0,
          "mode": 4
        }
      ]
    },
    {
      "name": "Model_material0_0",
      "primitives": [
        {
          "attributes": {
            "COLOR_0": 7,
            "NORMAL": 6,
            "POSITION": 5,
            "TEXCOORD_0": 8
          },
          "indices": 9,
          "material": 0,
          "mode": 4
        }
      ]
    },
    {
      "name": "Model_material0_0",
      "primitives": [
        {
          "attributes": {
            "COLOR_0": 12,
            "NORMAL": 11,
            "POSITION": 10,
            "TEXCOORD_0": 13
          },
          "indices": 14,
          "material": 0,
          "mode": 4
        }
      ]
    },
    {
      "name": "Model_material0_0",
      "primitives": [
        {
          "attributes": {
            "COLOR_0": 17,
            "NORMAL": 16,
            "POSITION": 15,
            "TEXCOORD_0": 18
          },
          "indices": 19,
          "material": 0,
          "mode": 4
        }
      ]
    }
  ],
  "nodes": [
    {
      "children": [
        1
      ],
      "matrix": [
        0.7248925566673279,
        0.03154623880982414,
        -0.6881392598152161,
        0.0,
        0.4671810269355774,
        -0.7566267251968385,
        0.4574471414089201,
        0.0,
        -0.506233811378479,
        -0.6530855894088744,
        -0.5632109045982362,
        0.0,
        0.0,
        0.0,
        0.0,
        1.0
      ],
      "name": "Sketchfab_model"
    },
    {
      "children": [
        2
      ],
      "matrix": [
        1.0,
        0.0,
        0.0,
        0.0,
        0.0,
        -1.0,
        0.0,
        0.0,
        0.0,
        0.0,
        -1.0,
        0.0,
        0.0,
        0.0,
        0.0,
        1.0
      ],
      "name": "7f4d6e917cf64714a91713487f4fe8c6.fbx"
    },
    {
      "children": [
        3,
        8,
        10,
        12,
        14,
        16,
        18,
        20,
        22,
        24,
        26,
        28,
        30,
        32,
        34,
        36,
        38,
        40,
        42,
        44,
        46,
        48,
        50,
        52,
        54,
        56,
        58,
        60,
        62,
        64,
        66,
        68,
        70,
        72,
        74,
        76,
        78,
        80,
        82
      ],
      "name": "RootNode"
    },
    {
      "children": [
        4,
        5,
        6,
        7
      ],
      "name": "Model"
    },
    {
      "mesh": 0,
      "name": "Model_material0_0"
    },
    {
      "mesh": 1,
      "name": "Model_material0_0"
    },
    {
      "mesh": 2,
      "name": "Model_material0_0"
    },
    {
      "mesh": 3,
      "name": "Model_material0_0"
    },
    {
      "children": [
        9
      ],
      "matrix": [
        0.158009858466577,
        -0.12091100457469545,
        -0.9800068436496301,
        0.0,
        0.2122925764085189,
        0.9734259777137332,
        -0.08587041349554486,
        0.0,
        0.9643467979047815,
        -0.19447980585346303,
        0.1794794096435407,
        0.0,
        -1.2552179098129272,
        0.35336676239967346,
        -1.6020145416259766,
        1.0
      ],
      "name": "DJI_0589"
    },
    {
      "name": "Object_9"
    },
    {
      "children": [
        11
      ],
      "matrix": [
        0.1738586693012737,
        -0.04816655231648444,
        -0.9835919613064829,
        0.0,
        0.1988561423957232,
        0.979944596213804,
        -0.01283834034665178,
        0.0,
        0.9644840059535887,
        -0.1933612463481449,
        0.1799500782728638,
        0.0,
        -1.2616758346557617,
        -0.02533862367272377,
        -1.991739273071289,
        1.0
      ],
      "name": "DJI_0590"
    },
    {
      "name": "Object_11"
    },
    {
      "children": [
        13
      ],
      "matrix": [
        0.45143424768283413,
        -0.11664279610279349,
        -0.8846477141418247,
        0.0,
        0.4296218748597729,
        0.8973520584225669,
        0.10091743103525636,
        0.0,
        0.7820691559325219,
        -0.4256215940975084,
        0.45520774815120246,
        0.0,
        -2.1066479682922363,
        0.3011762499809265,
        -2.311439275741577,
        1.0
      ],
      "name": "DJI_0591"
    },
    {
      "name": "Object_13"
    },
    {
      "children": [
        15
      ],
      "matrix": [
        0.6330643705654604,
        -0.22737847014379894,
        -0.7399517106106472,
        0.0,
        0.5643897032154238,
        0.7898002447532275,
        0.2401662680147811,
        0.0,
        0.5298054035445121,
        -0.5696618336371214,
        0.6283244620991844,
        0.0,
        -2.831943988800049,
        0.7380730509757996,
        -2.7853167057037354,
        1.0
      ],
      "name": "DJI_0592"
    },
    {
      "name": "Object_15"
    },
    {
      "children": [
        17
      ],
      "matrix": [
        0.6836517498366316,
        -0.2874540345453004,
        -0.6708132847290228,
        0.0,
        0.6047637387591206,
        0.7376394466669269,
        0.3002480091574299,
        0.0,
        0.40851083856784254,
        -0.6109486269274522,
        0.6781302751153785,
        0.0,
        -3.215682029724121,
        1.0769588947296143,
        -3.15569806098938,
        1.0
      ],
      "name": "DJI_0593"
    },
    {
      "name": "Object_17"
    },
    {
      "children": [
        19
      ],
      "matrix": [
        0.7380884134120009,
        -0.40328094817956195,
        -0.5409158629790299,
        0.0,
        0.6502828759126581,
        0.6389415586705758,
        0.4109572555611808,
        0.0,
        0.17988239291747743,
        -0.655071111742083,
        0.7338420560851453,
        0.0,
        -3.5120606422424316,
        1.4336645603179932,
        -3.551276445388794,
        1.0
      ],
      "name": "DJI_0594"
    },
    {
      "name": "Object_19"
    },
    {
      "children": [
        21
      ],
      "matrix": [
        0.7518024209811145,
        -0.5719096066309376,
        -0.328195858673112,
        0.0,
        0.6360580264557966,
        0.49776562967835825,
        0.5896266317696859,
        0.0,
        -0.17384851678427465,
        -0.6520343393979751,
        0.7379891011781637,
        0.0,
        -3.790658950805664,
        2.171672821044922,
        -4.358293056488037,
        1.0
      ],
      "name": "DJI_0595"
    },
    {
      "name": "Object_21"
    },
    {
      "children": [
        23
      ],
      "matrix": [
        0.7151780369407101,
        -0.6706476143571544,
        -0.19685566497992868,
        0.0,
        0.5857371726392565,
        0.4214081711665889,
        0.6923345418672977,
        0.0,
        -0.381355923077382,
        -0.610448139182264,
        0.6942051060765178,
        0.0,
        -3.757075548171997,
        2.7629270553588867,
        -5.009440898895264,
        1.0
      ],
      "name": "DJI_0596"
    },
    {
      "name": "Object_23"
    },
    {
      "children": [
        25
      ],
      "matrix": [
        0.6462498905939129,
        -0.7611840411016605,
        -0.0544052798862486,
        0.0,
        0.4972833136141511,
        0.3659731738944174,
        0.7866212188789317,
        0.0,
        -0.5788526452459946,
        -0.5354087144992992,
        0.6150342458188184,
        0.0,
        -3.533559560775757,
        3.320038318634033,
        -5.639111518859863,
        1.0
      ],
      "name": "DJI_0597"
    },
    {
      "name": "Object_25"
    },
    {
      "children": [
        27
      ],
      "matrix": [
        0.5384616443264794,
        -0.8417746997340442,
        0.03839807907804638,
        0.0,
        0.4187111200666548,
        0.3068271132336773,
        0.8547152277321468,
        0.0,
        -0.7312592259395785,
        -0.4441536642563562,
        0.5176750592851663,
        0.0,
        -3.2291407585144043,
        3.7234935760498047,
        -6.101446628570557,
        1.0
      ],
      "name": "DJI_0598"
    },
    {
      "name": "Object_27"
    },
    {
      "children": [
        29
      ],
      "matrix": [
        0.307879952481077,
        -0.934223126558401,
        0.1801029834947095,
        0.0,
        0.2345271029345709,
        0.2579773461910697,
        0.9372538219934503,
        0.0,
        -0.9220666856845914,
        -0.24632263122916437,
        0.29852669645271956,
        0.0,
        -2.3907570838928223,
        4.360248565673828,
        -6.807766437530518,
        1.0
      ],
      "name": "DJI_0599"
    },
    {
      "name": "Object_29"
    },
    {
      "children": [
        31
      ],
      "matrix": [
        0.1496721029109791,
        -0.9628871494362801,
        0.22460320358507851,
        0.0,
        0.12333810236545162,
        0.2435701563654158,
        0.9620089871893174,
        0.0,
        -0.9810127288241957,
        -0.11628377521650152,
        0.15521633131311752,
        0.0,
        -1.9504725933074951,
        4.385970592498779,
        -6.698052406311035,
        1.0
      ],
      "name": "DJI_0600"
    },
    {
      "name": "Object_31"
    },
    {
      "children": [
        33
      ],
      "matrix": [
        0.05220589453509028,
        -0.9704201858498653,
        0.23571000715053209,
        0.0,
        0.06281693089453166,
        0.2387555581396157,
        0.9690458279412962,
        0.0,
        -0.9966587067641475,
        -0.03578332506284798,
        0.07342326524109288,
        0.0,
        -1.4089338779449463,
        4.4314093589782715,
        -6.755560398101807,
        1.0
      ],
      "name": "DJI_0601"
    },
    {
      "name": "Object_33"
    },
    {
      "children": [
        35
      ],
      "matrix": [
        -0.06163687590451561,
        -0.9693853995893036,
        0.2376822302819832,
        0.0,
        -0.013911110939377913,
        0.23894623692658157,
        0.9709331474674547,
        0.0,
        -0.9980016916424359,
        0.05653886204826075,
        -0.02821312738999482,
        0.0,
        -1.0579736232757568,
        4.451153755187988,
        -6.789116382598877,
        1.0
      ],
      "name": "DJI_0602"
    },
    {
      "name": "Object_35"
    },
    {
      "children": [
        37
      ],
      "matrix": [
        -0.11125614556691898,
        -0.966076845573683,
        0.23306136213451267,
        0.0,
        -0.05038047550058944,
        0.23969861189827335,
        0.9695392633320092,
        0.0,
        -0.9925139181703836,
        0.0961254591689577,
        -0.07533935450765439,
        0.0,
        -0.7246543169021606,
        4.224517345428467,
        -6.533609867095947,
        1.0
      ],
      "name": "DJI_0603"
    },
    {
      "name": "Object_37"
    },
    {
      "children": [
        39
      ],
      "matrix": [
        -0.17095871259728979,
        -0.9756523323052214,
        0.137388664213825,
        0.0,
        -0.11248082600563725,
        0.1578560823235452,
        0.9810349234632536,
        0.0,
        -0.9788366474382572,
        0.1522628770936763,
        -0.1367290528417029,
        0.0,
        -0.3442370891571045,
        3.9118683338165283,
        -6.213160037994385,
        1.0
      ],
      "name": "DJI_0604"
    },
    {
      "name": "Object_39"
    },
    {
      "children": [
        41
      ],
      "matrix": [
        -0.29701851590032247,
        -0.948485382094211,
        0.11025189869552793,
        0.0,
        -0.21658817431433453,
        0.17937352016389396,
        0.959643008108326,
        0.0,
        -0.9299836363934335,
        0.26115248460930246,
        -0.2587079740225158,
        0.0,
        0.18858064711093903,
        3.8308308124542236,
        -6.144290447235107,
        1.0
      ],
      "name": "DJI_0605"
    },
    {
      "name": "Object_41"
    },
    {
      "children": [
        43
      ],
      "matrix": [
        -0.4417334730865181,
        -0.8934256162641127,
        0.0816223434974338,
        0.0,
        -0.31823400782384936,
        0.24110484228804974,
        0.9168399921958165,
        0.0,
        -0.8388078772992614,
        0.37902390851811074,
        -0.39082249391809865,
        0.0,
        0.861149787902832,
        3.634812355041504,
        -5.948670387268066,
        1.0
      ],
      "name": "DJI_0606"
    },
    {
      "name": "Object_43"
    },
    {
      "children": [
        45
      ],
      "matrix": [
        -0.5724203097783389,
        -0.8199557011188421,
        0.0027635404789529416,
        0.0,
        -0.42397208528327957,
        0.2988611520384765,
        0.8549442570733967,
        0.0,
        -0.7018423326173893,
        0.488215792457539,
        -0.5187125216738451,
        0.0,
        1.2569591999053955,
        3.4629673957824707,
        -5.7614030838012695,
        1.0
      ],
      "name": "DJI_0607"
    },
    {
      "name": "Object_45"
    },
    {
      "children": [
        47
      ],
      "matrix": [
        -0.6219726540188129,
        -0.7820513781609822,
        -0.03931487720064841,
        0.0,
        -0.46555345780088564,
        0.32895523298898244,
        0.8216133108821955,
        0.0,
        -0.629610987501356,
        0.5293241885703623,
        -0.5686878825963277,
        0.0,
        1.5874600410461426,
        3.258162021636963,
        -5.534696102142334,
        1.0
      ],
      "name": "DJI_0608"
    },
    {
      "name": "Object_47"
    },
    {
      "children": [
        49
      ],
      "matrix": [
        -0.6669686337991441,
        -0.7401997462901404,
        -0.08518906690482703,
        0.0,
        -0.5021631820899584,
        0.36210103285360185,
        0.7853120275149502,
        0.0,
        -0.5504407144110894,
        0.5665573030138845,
        -0.6132110911588626,
        0.0,
        1.9389090538024902,
        2.9879870414733887,
        -5.233695983886719,
        1.0
      ],
      "name": "DJI_0609"
    },
    {
      "name": "Object_49"
    },
    {
      "children": [
        51
      ],
      "matrix": [
        -0.709760300903926,
        -0.6903610840129393,
        -0.14014952351416843,
        0.0,
        -0.5370242486197621,
        0.4015045635420492,
        0.7418888338890731,
        0.0,
        -0.45590050631157353,
        0.6018269345379851,
        -0.6557126422522774,
        0.0,
        2.1045854091644287,
        2.8332931995391846,
        -5.068281650543213,
        1.0
      ],
      "name": "DJI_0610"
    },
    {
      "name": "Object_51"
    },
    {
      "children": [
        53
      ],
      "matrix": [
        -0.73964960127925,
        -0.6455786388538848,
        -0.1901228244662185,
        0.0,
        -0.5619293814691088,
        0.43696995517387627,
        0.7023479397827587,
        0.0,
        -0.3703428648822492,
        0.626326974775082,
        -0.6859742583362021,
        0.0,
        2.280726909637451,
        2.6325783729553223,
        -4.850245952606201,
        1.0
      ],
      "name": "DJI_0611"
    },
    {
      "name": "Object_53"
    },
    {
      "children": [
        55
      ],
      "matrix": [
        -0.768426462464084,
        -0.5866235889468109,
        -0.25572159994043525,
        0.0,
        -0.5855434732783401,
        0.48331136344186754,
        0.6508063973787447,
        0.0,
        -0.25818522941111616,
        0.6498329715081607,
        -0.7148828550572484,
        0.0,
        2.4407572746276855,
        2.3919620513916016,
        -4.586816310882568,
        1.0
      ],
      "name": "DJI_0612"
    },
    {
      "name": "Object_55"
    },
    {
      "children": [
        57
      ],
      "matrix": [
        -0.7873325888330622,
        -0.5264632967010624,
        -0.32084854961192744,
        0.0,
        -0.5995485574691367,
        0.5325043038407857,
        0.5974786135316623,
        0.0,
        -0.1436973270388337,
        0.6627786686501682,
        -0.7348983022052815,
        0.0,
        2.5697171688079834,
        2.120511770248413,
        -4.280551433563232,
        1.0
      ],
      "name": "DJI_0613"
    },
    {
      "name": "Object_57"
    },
    {
      "children": [
        59
      ],
      "matrix": [
        -0.7943319221154628,
        -0.4855952834189547,
        -0.36501235353015127,
        0.0,
        -0.6038979269883212,
        0.5660139134598061,
        0.5611911827079284,
        0.0,
        -0.06590972073649956,
        0.666202274456625,
        -0.7428529048346362,
        0.0,
        2.629462242126465,
        1.8740437030792236,
        -3.999706983566284,
        1.0
      ],
      "name": "DJI_0614"
    },
    {
      "name": "Object_59"
    },
    {
      "children": [
        61
      ],
      "matrix": [
        -0.795575387822818,
        -0.43511630637800613,
        -0.4215846323272865,
        0.0,
        -0.6051919084332624,
        0.6032837552137303,
        0.5194145402875486,
        0.0,
        0.028329423881856913,
        0.6683730325343632,
        -0.7432865753687072,
        0.0,
        2.657113552093506,
        1.575527548789978,
        -3.6714107990264893,
        1.0
      ],
      "name": "DJI_0615"
    },
    {
      "name": "Object_61"
    },
    {
      "children": [
        63
      ],
      "matrix": [
        -0.7885590357992613,
        -0.3807355379878208,
        -0.48292348997793,
        0.0,
        -0.6009745475943237,
        0.643632336399602,
        0.473885016311539,
        0.0,
        0.1304003075270039,
        0.6639110374545029,
        -0.736354462295808,
        0.0,
        2.6531822681427,
        1.3171286582946777,
        -3.400721788406372,
        1.0
      ],
      "name": "DJI_0616"
    },
    {
      "name": "Object_63"
    },
    {
      "children": [
        65
      ],
      "matrix": [
        -0.7564889727601813,
        -0.28936901376164503,
        -0.5865066137451981,
        0.0,
        -0.5781128949045703,
        0.7151839395367406,
        0.3928070943526415,
        0.0,
        0.30579390909124304,
        0.6362212716526544,
        -0.7083167219961537,
        0.0,
        2.599841594696045,
        0.9762518405914307,
        -3.039891481399536,
        1.0
      ],
      "name": "DJI_0617"
    },
    {
      "name": "Object_65"
    },
    {
      "children": [
        67
      ],
      "matrix": [
        -0.7341218013326385,
        -0.25177128397556653,
        -0.6306158905176882,
        0.0,
        -0.5617547360754691,
        0.7469051622579558,
        0.35575875968020376,
        0.0,
        0.38144042431931924,
        0.6154217246390571,
        -0.6897530743225335,
        0.0,
        2.4710164070129395,
        0.6483770608901978,
        -2.65704083442688,
        1.0
      ],
      "name": "DJI_0618"
    },
    {
      "name": "Object_67"
    },
    {
      "children": [
        69
      ],
      "matrix": [
        -0.6967876810297118,
        -0.20239445534302825,
        -0.6881303742835625,
        0.0,
        -0.5340629903097516,
        0.7868106267169142,
        0.3093634756507998,
        0.0,
        0.47881483889562476,
        0.5830656242068604,
        -0.6563313400422242,
        0.0,
        2.2673323154449463,
        0.3162195384502411,
        -2.2574028968811035,
        1.0
      ],
      "name": "DJI_0619"
    },
    {
      "name": "Object_69"
    },
    {
      "children": [
        71
      ],
      "matrix": [
        -0.6638282684269055,
        -0.16664875618711608,
        -0.7290817664011519,
        0.0,
        -0.5080851095998679,
        0.8158439444495944,
        0.27613072937979466,
        0.0,
        0.5488001015308096,
        0.5537389731328419,
        -0.6262520245025631,
        0.0,
        2.0575389862060547,
        0.04023292288184166,
        -1.9553465843200684,
        1.0
      ],
      "name": "DJI_0620"
    },
    {
      "name": "Object_71"
    },
    {
      "children": [
        73
      ],
      "matrix": [
        -0.5469624915634468,
        -0.11563606191733541,
        -0.8291322777500325,
        0.0,
        -0.44503697694663,
        0.879036865363565,
        0.17098619383448044,
        0.0,
        0.7090656683078878,
        0.46251755698140584,
        -0.5322625174770821,
        0.0,
        1.72780179977417,
        0.124077707529068,
        -1.2424442768096924,
        1.0
      ],
      "name": "DJI_0621"
    },
    {
      "name": "Object_73"
    },
    {
      "children": [
        75
      ],
      "matrix": [
        -0.01935026386126082,
        -0.005765871622006598,
        -0.9997961402270656,
        0.0,
        -0.00011683859464728429,
        0.9999833772101927,
        -0.005764690107915402,
        0.0,
        0.9998127592890793,
        5.2665012913459715e-06,
        -0.019350615882229194,
        0.0,
        -0.0666266679763794,
        0.022352654486894608,
        -0.1137937381863594,
        1.0
      ],
      "name": "DJI_0622"
    },
    {
      "name": "Object_75"
    },
    {
      "children": [
        77
      ],
      "matrix": [
        0.10490077356302152,
        -0.014101162030275262,
        -0.9943827155252024,
        0.0,
        0.11395757440529128,
        0.9934834675142761,
        -0.002066642560507981,
        0.0,
        0.9879319303178443,
        -0.1131006498885233,
        0.1058241184855867,
        0.0,
        -1.0382994413375854,
        -0.015190277248620987,
        0.06832405179738998,
        1.0
      ],
      "name": "DJI_0623"
    },
    {
      "name": "Object_77"
    },
    {
      "children": [
        79
      ],
      "matrix": [
        0.2539699048127727,
        -0.04395562815691806,
        -0.9662128079272816,
        0.0,
        0.2509848873867851,
        0.9677421877008703,
        0.021946399417135803,
        0.0,
        0.9340802287559853,
        -0.24807853776025127,
        0.2568095896766739,
        0.0,
        -2.114304304122925,
        0.06002790853381157,
        0.0900396928191185,
        1.0
      ],
      "name": "DJI_0624"
    },
    {
      "name": "Object_79"
    },
    {
      "children": [
        81
      ],
      "matrix": [
        0.4934292229171645,
        -0.14848944799024838,
        -0.8570172027485298,
        0.0,
        0.47187738328115597,
        0.873410873126678,
        0.12035440104883177,
        0.0,
        0.7306567847622386,
        -0.463793413644098,
        0.5010352605768006,
        0.0,
        -3.784374713897705,
        0.5323107242584229,
        -0.28534597158432007,
        1.0
      ],
      "name": "DJI_0625"
    },
    {
      "name": "Object_81"
    },
    {
      "children": [
        83
      ],
      "matrix": [
        0.4756878252760597,
        -0.39302671539375433,
        -0.7869250878393252,
        0.0,
        0.6866245227241361,
        0.7250838367948338,
        0.05291686321707989,
        0.0,
        0.5497889210215001,
        -0.565493970441489,
        0.6147753343428273,
        0.0,
        -2.427915096282959,
        1.1460357904434204,
        -2.6144282817840576,
        1.0
      ],
      "name": "DJI_0626"
    },
    {
      "name": "Object_83"
    }
  ],
  "scene": 0,
  "scenes": [
    {
      "name": "Sketchfab_Scene",
      "nodes": [
        0
      ]
    }
  ]
}
